Case #1: 3 4 6 
Case #2: 2 22 
Case #3: 3 11 18 19 20 21 22 23 24 50 
Case #4: 14 15 17 23 30 
Case #5: 5 15 25 35 45 55 65 75 85 95 
Case #6: 4 6 7 10 11 15 17 21 23 
Case #7: 1 5 9 13 
Case #8: 24 38 53 57 
Case #9: 17 21 24 28 37 
Case #10: 6 8 11 12 14 15 18 
Case #11: 8 10 11 12 13 16 17 20 22 23 
Case #12: 7 8 9 10 11 12 13 
Case #13: 3 4 5 
Case #14: 3 5 6 11 
Case #15: 3 7 10 14 
Case #16: 19 21 24 30 33 35 36 38 42 44 
Case #17: 3 5 8 12 14 16 20 24 26 29 
Case #18: 17 22 23 26 30 34 38 40 43 
Case #19: 4 8 12 
Case #20: 59 66 73 94 98 132 134 
Case #21: 29 30 31 32 33 34 35 
Case #22: 17 21 24 29 33 37 42 43 46 51 
Case #23: 6 11 15 18 20 21 32 
Case #24: 9 12 14 16 18 20 23 
Case #25: 2 3 4 
Case #26: 5 8 13 
Case #27: 2 4 
Case #28: 4 11 
Case #29: 2 6 
Case #30: 21 25 31 35 38 43 47 
Case #31: 9 10 11 12 13 14 15 16 17 18 
Case #32: 6 9 10 
Case #33: 4 5 6 7 
Case #34: 1 2 3 6 9 
Case #35: 12 14 16 18 19 20 22 27 
Case #36: 2 4 
Case #37: 4 8 
Case #38: 8 14 16 19 21 24 27 
Case #39: 9 11 12 16 21 
Case #40: 22 222 
Case #41: 4 7 9 10 11 
Case #42: 1 2 3 
Case #43: 26 51 78 100 121 133 157 179 193 214 
Case #44: 7 9 12 14 15 16 
Case #45: 3 4 7 8 
Case #46: 9 14 18 20 22 25 27 
Case #47: 8 12 13 16 17 19 
Case #48: 3 7 9 10 
Case #49: 4 6 11 20 25 30 35 37 42 
Case #50: 6 8 
