Case #1:
1001111111111111 3 4 5 6 7 8 9 10 11
1110011111111111 3 4 5 6 7 8 9 10 11
1000011111111111 3 4 5 6 7 8 9 10 11
1111100111111111 3 4 5 6 7 8 9 10 11
1001100111111111 3 4 5 6 7 8 9 10 11
1110000111111111 3 4 5 6 7 8 9 10 11
1000000111111111 3 4 5 6 7 8 9 10 11
1111111001111111 3 4 5 6 7 8 9 10 11
1001111001111111 3 4 5 6 7 8 9 10 11
1110011001111111 3 4 5 6 7 8 9 10 11
1000011001111111 3 4 5 6 7 8 9 10 11
1111100001111111 3 4 5 6 7 8 9 10 11
1001100001111111 3 4 5 6 7 8 9 10 11
1110000001111111 3 4 5 6 7 8 9 10 11
1000000001111111 3 4 5 6 7 8 9 10 11
1111111110011111 3 4 5 6 7 8 9 10 11
1001111110011111 3 4 5 6 7 8 9 10 11
1110011110011111 3 4 5 6 7 8 9 10 11
1000011110011111 3 4 5 6 7 8 9 10 11
1111100110011111 3 4 5 6 7 8 9 10 11
1001100110011111 3 4 5 6 7 8 9 10 11
1110000110011111 3 4 5 6 7 8 9 10 11
1000000110011111 3 4 5 6 7 8 9 10 11
1111111000011111 3 4 5 6 7 8 9 10 11
1001111000011111 3 4 5 6 7 8 9 10 11
1110011000011111 3 4 5 6 7 8 9 10 11
1000011000011111 3 4 5 6 7 8 9 10 11
1111100000011111 3 4 5 6 7 8 9 10 11
1001100000011111 3 4 5 6 7 8 9 10 11
1110000000011111 3 4 5 6 7 8 9 10 11
1000000000011111 3 4 5 6 7 8 9 10 11
1111111111100111 3 4 5 6 7 8 9 10 11
1001111111100111 3 4 5 6 7 8 9 10 11
1110011111100111 3 4 5 6 7 8 9 10 11
1000011111100111 3 4 5 6 7 8 9 10 11
1111100111100111 3 4 5 6 7 8 9 10 11
1001100111100111 3 4 5 6 7 8 9 10 11
1110000111100111 3 4 5 6 7 8 9 10 11
1000000111100111 3 4 5 6 7 8 9 10 11
1111111001100111 3 4 5 6 7 8 9 10 11
1001111001100111 3 4 5 6 7 8 9 10 11
1110011001100111 3 4 5 6 7 8 9 10 11
1000011001100111 3 4 5 6 7 8 9 10 11
1111100001100111 3 4 5 6 7 8 9 10 11
1001100001100111 3 4 5 6 7 8 9 10 11
1110000001100111 3 4 5 6 7 8 9 10 11
1000000001100111 3 4 5 6 7 8 9 10 11
1111111110000111 3 4 5 6 7 8 9 10 11
1001111110000111 3 4 5 6 7 8 9 10 11
1110011110000111 3 4 5 6 7 8 9 10 11
